GRB	# Tie Objects	${\sigma }_{{\rm{tie}}}$	${\sigma }_{{\rm{AG}}}$	${\sigma }_{{\rm{host}}}$	R	Rphys	R_h	Rnorm	AB Mag^a	${P}_{{\rm{cc}}}$			
040812	5	0.115	0.046	0.019	0.270 +or- 0.125	2.283 +or- 1.057	0.297	0.908 +or- 0.420	19.450 +or- 0.010	<0.001	
040924	41	0.005	0.002	0.014	0.286 +or- 0.015	2.197 +or- 0.116	0.188	1.521 +or- 0.080	23.954 +or- 0.024	0.003	
041006^b	24	0.004	<0.001	0.007	0.352 +or- 0.008	2.536 +or- 0.061	0.298	1.180 +or- 0.029	24.668 +or- 0.057	0.012	
050315	17	0.054	0.003	0.017	0.114 +or- 0.056	0.953 +or- 0.474	0.236	0.481 +or- 0.239	23.808 +or- 0.029	0.006	
050401	24	0.044	0.025	0.009	0.082 +or- 0.051	0.638 +or- 0.397	0.170	0.483 +or- 0.300	25.217 +or- 0.077	0.006	
050406	7	0.038	0.217	0.006	0.195 +or- 0.220	1.579 +or- 1.788	0.121	1.609 +or- 1.822	26.602 +or- 0.140	0.041	
050408	14	0.027	0.002	0.010	0.152 +or- 0.029	1.263 +or- 0.239	0.278	0.545 +or- 0.103	23.700 +or- 0.022	0.008	
050416A	24	0.007	<0.001	0.011	0.037 +or- 0.013	0.260 +or- 0.090	0.160	0.234 +or- 0.081	23.001 +or- 0.009	0.001	
050525	74	0.006	0.001	0.002	0.028 +or- 0.007	0.185 +or- 0.046	0.119	0.232 +or- 0.057	26.067 +or- 0.064	0.004	
050820	28	0.009	0.003	0.004	0.442 +or- 0.010	3.530 +or- 0.081	0.116	3.808 +or- 0.087	25.196 +or- 0.050	0.009	
050824	6	0.036	0.012	0.038	0.473 +or- 0.054	3.597 +or- 0.410	0.402	1.177 +or- 0.134	23.716 +or- 0.042	0.021	
050904	8	0.036	0.006	0.004	0.139 +or- 0.037	0.774 +or- 0.205	0.150	0.928 +or- 0.246	27.888 +or- 0.101	0.018	
050908	15	0.054	0.001	0.003	0.037 +or- 0.055	0.275 +or- 0.405	0.068	0.544 +or- 0.802	27.669 +or- 0.136	0.006	
051016B	4	0.062	0.184	0.013	0.257 +or- 0.194	2.023 +or- 1.532	0.228	1.127 +or- 0.853	22.314 +or- 0.011	0.004	
051022	5	0.121	0.015	0.021	0.171 +or- 0.124	1.283 +or- 0.932	0.334	0.512 +or- 0.372	22.020 +or- 0.006	0.002	
060115	18	0.045	0.043	0.017	0.280 +or- 0.065	2.042 +or- 0.471	0.125	2.239 +or- 0.517	27.342 +or- 0.137	0.026		
060124	16	0.020	0.016	0.025	0.034 +or- 0.035	0.278 +or- 0.291	0.172	0.197 +or- 0.206	26.133 +or- 0.126	0.009	
060206	6	0.127	0.021	0.005	0.292 +or- 0.128	2.021 +or- 0.888	0.091	3.211 +or- 1.411	27.647 +or- 0.094	0.035	
060218	13	0.012	<0.001	0.044	0.174 +or- 0.045	0.115 +or- 0.030	0.606	0.287 +or- 0.075	19.635 +or- 0.003	0.002	
060223	9	0.173	0.041	0.009	0.112 +or- 0.178	0.749 +or- 1.186	0.211	0.532 +or- 0.844	26.534 +or- 0.069	0.026	
060418	 ... 	 ... 	0.003	0.004	0.404 +or- 0.005	3.419 +or- 0.040	0.118	3.425 +or- 0.040	25.855 +or- 0.067	0.013	
060502A	8	0.021	0.009	0.006	0.051 +or- 0.023	0.435 +or- 0.198	0.162	0.317 +or- 0.144	25.864 +or- 0.110	0.007	
060505	20	0.029	0.004	0.023	4.307 +or- 0.037	7.160 +or- 0.062	1.195	3.605 +or- 0.031	19.101 +or- 0.001	0.009	
060605	29	0.041	0.004	0.002	0.025 +or- 0.041	0.180 +or- 0.294	0.109	0.232 +or- 0.379	27.555 +or- 0.148	0.011	
060614	21	0.009	0.002	0.011	0.357 +or- 0.014	0.801 +or- 0.031	0.329	1.086 +or- 0.042	22.821 +or- 0.007	0.003	
060719	12	0.051	0.062	0.011	0.206 +or- 0.081	1.743 +or- 0.684	0.246	0.837 +or- 0.328	23.400 +or- 0.023	0.006	
060729	17	0.039	0.001	0.015	0.338 +or- 0.042	2.149 +or- 0.265	0.308	1.098 +or- 0.135	23.509 +or- 0.028	0.011	
060912A	11	0.148	0.005	0.036	0.654 +or- 0.153	5.155 +or- 1.203	0.713	0.918 +or- 0.214	21.547 +or- 0.013	0.017	
060923A	38	0.039	0.013	0.052	0.291 +or- 0.066	2.460 +or- 0.560	0.696	0.418 +or- 0.095	23.278 +or- 0.038	0.039	
061007	5	0.026	0.100	<0.001	0.022 +or- 0.103	0.184 +or- 0.862	0.373	0.059 +or- 0.277	23.621 +or- 0.033	0.013	
061110A	11	0.035	0.014	0.015	0.135 +or- 0.040	0.992 +or- 0.297	0.176	0.765 +or- 0.229	25.114 +or- 0.083	0.007	
061110B	49	0.025	0.011	0.011	0.061 +or- 0.030	0.449 +or- 0.220	0.104	0.586 +or- 0.288	27.230 +or- 0.105	0.008	
061222A	15	0.026	0.034	0.011	0.044 +or- 0.044	0.368 +or- 0.368	0.193	0.229 +or- 0.229	24.399 +or- 0.050	0.005	
070208	6	0.030	0.006	0.025	0.099 +or- 0.040	0.820 +or- 0.327	0.368	0.270 +or- 0.108	21.902 +or- 0.009	0.005	
070306	14	0.043	0.005	0.011	0.090 +or- 0.045	0.760 +or- 0.380	0.209	0.430 +or- 0.215	21.860 +or- 0.007	0.002	
070318	8	0.057	0.007	0.019	0.109 +or- 0.060	0.827 +or- 0.458	0.205	0.529 +or- 0.293	24.100 +or- 0.034	0.005	
070508	16	0.025	0.004	0.020	0.423 +or- 0.033	3.577 +or- 0.277	0.592	0.714 +or- 0.055	22.871 +or- 0.031	0.026	
070721B	17	0.042	0.032	0.006	0.045 +or- 0.054	0.327 +or- 0.387	0.057	0.793 +or- 0.939	28.442 +or- 0.165	0.011	
070802	10	0.039	0.007	0.027	0.132 +or- 0.048	1.069 +or- 0.390	0.348	0.379 +or- 0.138	23.994 +or- 0.043	0.014	
071010A	9	0.039	0.062	0.009	0.013 +or- 0.074	0.106 +or- 0.590	0.162	0.082 +or- 0.457	25.311 +or- 0.111	0.005	
071010B	7	0.022	0.001	0.010	0.109 +or- 0.025	0.860 +or- 0.195	0.257	0.424 +or- 0.096	22.635 +or- 0.016	0.004	
071112C	10	0.020	0.007	0.017	0.202 +or- 0.027	1.533 +or- 0.206	0.398	0.508 +or- 0.068	23.674 +or- 0.046	0.016	
071122	10	0.032	0.033	0.025	0.075 +or- 0.053	0.616 +or- 0.433	0.393	0.191 +or- 0.134	22.678 +or- 0.017	0.009	
080207	2	0.381	0.206	0.066	0.769 +or- 0.438	6.402 +or- 3.650	0.683	1.126 +or- 0.642	23.225 +or- 0.025	0.047	
080319B	18	0.011	0.001	0.117	0.215 +or- 0.118	1.697 +or- 0.929	0.147	1.465 +or- 0.802	26.679 +or- 0.200	0.015	
080319C	10	0.018	0.008	0.004	0.078 +or- 0.020	0.655 +or- 0.167	0.145	0.538 +or- 0.137	25.298 +or- 0.047	0.005	
080325	60	0.022	0.041	0.059	0.697 +or- 0.075	5.890 +or- 0.635	0.443	1.574 +or- 0.170	22.537 +or- 0.016	0.017	
080430	4	0.035	0.015	0.030	0.108 +or- 0.049	0.800 +or- 0.361	0.282	0.384 +or- 0.173	24.595 +or- 0.071	0.012	
080520	52	0.050	0.086	0.024	0.258 +or- 0.102	2.181 +or- 0.865	0.223	1.155 +or- 0.458	23.965 +or- 0.032	0.007	
080603A	22	0.027	<0.001	0.013	0.089 +or- 0.030	0.753 +or- 0.255	0.202	0.440 +or- 0.149	22.884 +or- 0.011	0.003	
080605	38	0.029	0.009	0.008	0.081 +or- 0.031	0.682 +or- 0.266	0.198	0.407 +or- 0.159	22.467 +or- 0.008	0.002	
080607	7	0.033	0.011	0.024	0.454 +or- 0.042	3.482 +or- 0.320	0.419	1.083 +or- 0.099	24.372 +or- 0.027	0.029	
080707	6	0.047	0.024	0.009	0.089 +or- 0.054	0.739 +or- 0.449	0.263	0.338 +or- 0.205	22.950 +or- 0.017	0.005	
080805	15	0.038	0.006	0.026	0.466 +or- 0.047	3.944 +or- 0.396	0.275	1.695 +or- 0.170	23.249 +or- 0.020	0.010	
080916A	12	0.056	0.022	0.010	0.011 +or- 0.061	0.075 +or- 0.432	0.240	0.044 +or- 0.254	22.762 +or- 0.016	0.004	
080928	16	0.021	0.012	0.016	1.705 +or- 0.029	14.437 +or- 0.245	0.442	3.858 +or- 0.066	21.990 +or- 0.010	0.035	
081007	11	0.023	<0.001	0.017	0.111 +or- 0.029	0.700 +or- 0.182	0.277	0.402 +or- 0.105	24.489 +or- 0.059	0.011	
081008	28	0.021	0.002	0.018	1.658 +or- 0.028	13.902 +or- 0.236	0.236	7.027 +or- 0.119	23.591 +or- 0.028	0.065	
081109	8	0.052	0.032	0.002	0.171 +or- 0.061	1.364 +or- 0.486	0.545	0.314 +or- 0.112	21.519 +or- 0.006	0.008	
081121	15	0.026	0.002	0.011	0.042 +or- 0.028	0.342 +or- 0.226	0.198	0.214 +or- 0.142	24.923 +or- 0.054	0.007	
081221	11	0.047	0.016	0.055	0.388 +or- 0.074	3.195 +or- 0.609	0.409	0.949 +or- 0.181	23.156 +or- 0.025	0.015	
090113	8	0.073	0.075	0.001	0.186 +or- 0.105	1.573 +or- 0.888	0.294	0.633 +or- 0.357	24.304 +or- 0.028	0.007	
090404	4	0.115	0.361	0.044	0.556 +or- 0.381	4.709 +or- 3.229	0.690	0.806 +or- 0.553	23.370 +or- 0.018	0.045	
090407	5	0.134	0.387	0.021	0.172 +or- 0.410	1.451 +or- 3.463	0.336	0.511 +or- 1.220	22.953 +or- 0.019	0.026	
090418A	5	0.209	0.014	0.017	0.096 +or- 0.211	0.812 +or- 1.785	0.214	0.448 +or- 0.984	23.687 +or- 0.025	0.009	
090424	9	0.021	0.005	0.030	0.407 +or- 0.037	2.594 +or- 0.235	0.407	1.000 +or- 0.090	21.260 +or- 0.007	0.005	
090618	12	0.038	0.001	0.025	0.693 +or- 0.046	4.402 +or- 0.292	0.519	1.335 +or- 0.089	22.464 +or- 0.020	0.020	
090709A	25	0.028	0.021	0.007	0.283 +or- 0.036	2.393 +or- 0.305	0.256	1.105 +or- 0.141	24.213 +or- 0.038	0.010	
091127	16	0.040	0.005	0.028	0.221 +or- 0.049	1.335 +or- 0.296	0.411	0.538 +or- 0.119	22.700 +or- 0.021	0.011	
100526A	10	0.047	0.008	0.008	0.194 +or- 0.049	1.645 +or- 0.411	0.188	1.034 +or- 0.258	24.766 +or- 0.033	0.007	
100615A	3	0.318	0.028	0.004	0.246 +or- 0.320	2.073 +or- 2.694	0.083	2.963 +or- 3.850	25.092 +or- 0.033	0.031	
100621A	6	0.062	0.025	0.015	0.045 +or- 0.069	0.284 +or- 0.439	0.262	0.17 +or- 0.263	21.316 +or- 0.006	0.002	
110709B	1	0.318	0.057	0.005	0.067 +or- 0.323	0.564 +or- 2.737	0.073	0.912 +or- 4.430	26.714 +or- 0.080	0.105	
110731A	211	0.006	0.001	0.008	0.182 +or- 0.010	1.423 +or- 0.082	0.121	1.502 +or- 0.087	25.236 +or- 0.043	0.004	
111215A	2	0.075	0.052	0.002	0.341 +or- 0.091	2.844 +or- 0.763	0.210	1.624 +or- 0.435	25.086 +or- 0.044	0.010	
120119A	49	0.013	<0.001	0.012	0.012 +or- 0.017	0.099 +or- 0.146	0.202	0.058 +or- 0.086	23.480 +or- 0.022	0.004	
120711A	78	0.004	0.001	0.015	0.016 +or- 0.016	0.137 +or- 0.133	0.153	0.106 +or- 0.103	25.606 +or- 0.034	0.005		
130427A	6	0.001	<0.001	0.007	0.828 +or- 0.007	4.013 +or- 0.033	0.634	1.306 +or- 0.011	21.866 +or- 0.007	0.007	
130925A	8	0.006	0.002	0.008	0.156 +or- 0.010	0.765 +or- 0.051	0.355	0.439 +or- 0.029	21.783 +or- 0.008	0.001	