Antlia II                  4 143.8868 -36.7673 20.6  76.2    0.38 132 2301  -9.03 1      
Aquarius II       PS1      4 338.4813  -9.3274 20.2   5.1    0.39 108  125  -4.4  2      
Bootes I          PS1      4 210.0200  14.5135 19.1   9.97   0.30  66  160  -6.02 3      
Bootes II         PS1      4 209.5141  12.8553 18.1   3.17   0.25  42   33  -2.94 3      
Bootes III        PS1      4 209.3     26.8    18.4  30.0    0.5   47  289  -5.75 4      
Bootes IV         PS1      3 233.689   43.726  21.6   7.6    0.64 209  277  -4.53 5      
Canes Venatici I  PS1      4 202.0091  33.5521 21.7   7.12   0.44 218  338  -8.80 3      
Canes Venatici II PS1      4 194.2927  34.3226 21.0   1.52   0.40 160   55  -5.17 3      
Carina                     4 100.4065 -50.9593 20.1  10.1    0.36 105  248  -9.43 3      
Carina II                  4 114.1066 -57.9991 17.8   8.69   0.34  36   77  -4.5  6      
Carina III                 4 114.6298 -57.8997 17.2   3.75   0.55  28   20  -2.4  6      
Centaurus I                3 189.585  -40.902  20.3   2.9    0.4  116   76  -5.55 7      
Cetus II          PS1; DES 3  19.47   -17.42   17.4   1.9  < 0.4   30   17   0.0  8      
Cetus III         PS1; DES 3  31.331   -4.270  22.0   1.23   0.76 251   44  -2.5  9      
Columba I         PS1; DES 3  82.86   -28.01   21.3   2.2    0.3  183   98  -4.2  10     
Coma Berenices    PS1      4 186.7454  23.9069 18.2   5.64   0.37  44   57  -4.38 3      
Crater II         PS1      4 177.310  -18.413  20.4  31.2  < 0.1  117 1066  -8.2  11     
DES J0225+0304    DES      1  36.4267   3.0695 16.9   2.68   0.61  24   12  -1.1  12     
Draco             PS1      4 260.0684  57.9185 19.4   9.67   0.29  76  180  -8.71 3      
Draco II          PS1      3 238.174   64.579  16.7   3.0    0.23  22   17  -0.8  13     
Eridanus II       DES      4  56.0925 -43.5329 22.9   1.77   0.35 380  158  -7.21 3      
Fornax            DES      4  39.9583 -34.4997 20.8  19.6    0.29 147  707 -13.46 3; 14  
Grus I            DES      3 344.1797 -50.18   20.4   0.81   0.45 120   21  -3.47 3      
Grus II           DES      3 331.02   -46.44   18.6   6.0  < 0.2   53   92  -3.9  8      
Hercules          PS1      4 247.7722  12.7852 20.6   5.63   0.69 132  120  -5.83 3      
Horologium I      DES      4  43.8813 -54.116  19.5   1.59   0.27  79   31  -3.55 3      
Horologium II     DES      3  49.1077 -50.0486 19.5   2.09   0.52  78   33  -2.6  15     
Hydra II                   3 185.4251 -31.9860 20.9   1.52   0.24 151   58  -4.60 3      
Hydrus I                   4  37.389  -79.3089 17.2   7.42   0.21  28   53  -4.71 16     
Indus II          DES      1 309.72   -46.16   21.7   2.9  < 0.4  214  180  -4.3  8      
Kim 2             DES      2 317.2020 -51.1671 20.0   0.48   0.32 100   12  -3.32 3      
Laevens 1         PS1      2 174.0668 -10.8772 20.8   0.51   0.17 145   20  -4.80 3      
LMC                        4  80.8938 -69.7561 18.5 323.0    0.15  50 4735 -18.12 17; 18 
Leo I             PS1      4 152.1146  12.3059 22.0   3.65   0.3  254  226 -11.78 3      
Leo II            PS1      4 168.3627  22.1529 21.8   2.52   0.07 233  165  -9.74 3      
Leo IV            PS1      4 173.2405  -0.5453 20.9   2.54   0.17 154  104  -4.99 3      
Leo V             PS1      4 172.7857   2.2194 21.3   1.00   0.43 178   39  -4.40 3      
Pegasus III       PS1      4 336.102    5.405  21.7   0.85   0.38 215   42  -3.4  19     
Phoenix II        DES      4 354.996  -54.4115 19.6   1.49   0.67  83   21  -3.30 3      
Pictor I          DES      3  70.949  -50.2854 20.3   0.88   0.63 114   18  -3.45 3      
Pictor II                  3 101.180  -59.897  18.3   3.8    0.13  46   47  -3.2  20     
Pisces II         PS1      4 344.6345   5.9526 21.3   1.12   0.34 182   48  -4.22 3      
Reticulum II      DES      4  53.9203 -54.0513 17.4   5.52   0.58  30   31  -3.88 3      
Reticulum III     DES      3  56.36   -60.45   19.8   2.4  < 0.4   92   64  -3.3  8      
Sagittarius                4 283.8313 -30.5453 17.1 342.0    0.64  26 1565 -13.5  21     
Sagittarius II    PS1      4 298.1647 -22.0651 19.2   1.6  < 0.1   69   32  -5.2  22     
Sculptor          DES      4  15.0183 -33.7186 19.6  11.17   0.33  84  223 -10.82 3; 23  
Segue 1           PS1      4 151.7504  16.0756 16.8   3.62   0.33  23   20  -1.30 3      
Segue 2           PS1      3  34.8226  20.1624 17.7   3.76   0.22  35   34  -1.86 3      
Sextans           PS1      4 153.2628  -1.6133 19.7  16.5    0.30  86  345  -8.72 3      
SMC                        4  13.1867 -72.8286 19.0 151.0    0.4   62 2728 -17.18 17; 24 
Triangulum II     PS1      3  33.3252  36.1702 17.4   1.99   0.46  30   13  -1.60 3      
Tucana II         DES      4 342.9796 -58.5689 18.8  12.59   0.39  58  165  -3.8  25     
Tucana III        DES      3 359.15   -59.60   17.0   6.0    0.0   25   44  -2.4  8      
Tucana IV         DES      4   0.73   -60.85   18.4  11.8    0.4   48  128  -3.5  8      
Tucana V          DES      3 354.35   -63.27   18.7   1.8    0.7   55   16  -1.6  8      
Ursa Major I      PS1      4 158.7706  51.9479 19.9   8.31   0.59  97  151  -5.12 3      
Ursa Major II     PS1      4 132.8726  63.1335 17.5  13.8    0.56  32   85  -4.25 3      
Ursa Minor        PS1      4 227.2420  67.2221 19.4  18.3    0.55  76  272  -9.03 3      
Virgo I           PS1      3 180.038   -0.681  19.8   1.76   0.59  91   30  -0.33 9      
Willman 1         PS1      4 162.3436  51.0501 17.9   2.51   0.47  38   20  -2.53 3 